0.0151612903226
0.0140298507463
0.0132394366197
0.0118987341772
0.0177358490566
0.0132394366197
0.0156666666667
0.0156666666667
0.0146875
0.0146875
0.0159322033898
0.0167857142857
0.0136231884058
0.0136231884058
0.0110588235294
0.0156666666667
0.0164912280702
0.0254054054054
0.0170909090909
0.0149206349206
0.0140298507463
0.0154098360656
0.0167857142857
0.0180769230769
0.0188
0.0177358490566
0.0144615384615
0.0134285714286
0.0144615384615
0.0154098360656
0.0174074074074
0.0138235294118
0.0162068965517
0.0149206349206
0.0180769230769
0.0208888888889
0.0268571428571
0.0195833333333
0.022380952381
0.0204347826087
0.02
0.02
0.018431372549
0.0177358490566
0.0162068965517
0.018431372549
0.0177358490566
0.0170909090909
0.0174074074074
0.0164912280702
0.0162068965517
0.0174074074074
0.0146875
0.0142424242424
0.0167857142857
0.0261111111111
0.0204347826087
0.0229268292683
0.0218604651163
0.0324137931034
0.047
0.0284848484848
0.022380952381
0.0204347826087
0.0254054054054
0.0276470588235
0.0427272727273
0.0626666666667
0.0335714285714
0.022380952381
0.0254054054054
0.0361538461538
0.0854545454545
0.104444444444
0.0324137931034
0.0213636363636
0.0218604651163
0.0247368421053
0.0162068965517
0.0313333333333
0.0241025641026
0.0494736842105
0.0235
0.0261111111111
0.0177358490566
0.0177358490566
0.0162068965517
0.018431372549
0.0170909090909
0.0170909090909
0.0195833333333
0.018431372549
0.0174074074074
0.0174074074074
0.0142424242424
0.0142424242424
0.0151612903226
0.0188
0.0149206349206
0.0159322033898
0.0180769230769
0.0174074074074
0.0159322033898
0.022380952381
0.0191836734694
0.0174074074074
0.0174074074074
0.0247368421053
0.0284848484848
0.0170909090909
0.0167857142857
0.0154098360656
0.0235
0.0208888888889
0.0162068965517
0.0167857142857
0.0146875
0.018431372549
0.0174074074074
0.0174074074074
0.0188
0.018431372549
0.0162068965517
0.0162068965517
0.0167857142857
0.02
0.0177358490566
0.018431372549
0.0138235294118
0.0149206349206
0.0174074074074
0.0180769230769
0.0140298507463
0.0167857142857
0.0167857142857
0.0138235294118
0.0174074074074
0.0154098360656
0.0130555555556
0.0159322033898
0.0162068965517
0.0164912280702
0.0146875
0.0180769230769
0.0159322033898
0.0151612903226
0.0180769230769
0.0151612903226
0.0180769230769
0.0164912280702
0.0154098360656
0.0156666666667
0.0191836734694
0.0180769230769
0.0162068965517
0.02
0.0170909090909
0.0177358490566
0.0159322033898
0.0177358490566
0.018431372549
0.0170909090909
0.0167857142857
0.0149206349206
0.0156666666667
0.0188
0.0156666666667
0.0174074074074
0.0151612903226
0.0188
0.0164912280702
0.0167857142857
0.0167857142857
0.0229268292683
0.0138235294118
0.0142424242424
0.0151612903226
0.0138235294118
0.0167857142857
0.0188
0.0149206349206
0.0174074074074
0.018431372549
0.0140298507463
0.018431372549
0.0167857142857
0.0149206349206
0.0142424242424
0.0159322033898
0.018431372549
0.0123684210526
0.0149206349206
0.0174074074074
0.0138235294118
0.0174074074074
0.0174074074074
0.018431372549
0.0174074074074
0.0177358490566
0.0170909090909
0.0177358490566
0.0167857142857
0.0164912280702
0.0159322033898
0.0164912280702
0.0159322033898
0.0191836734694
0.0177358490566
0.0162068965517
0.0144615384615
0.0170909090909
0.0154098360656
0.0170909090909
0.0151612903226
0.0167857142857
0.0170909090909
0.0136231884058
0.0140298507463
0.0162068965517
0.0159322033898
0.0174074074074
0.0144615384615
0.0159322033898
0.0136231884058
0.0162068965517
0.018431372549
0.0174074074074
0.0156666666667
0.0146875
0.0164912280702
0.0177358490566
0.0177358490566
0.0164912280702
0.0167857142857
0.0162068965517
0.0162068965517
0.0188
0.0151612903226
0.0109302325581
0.0159322033898
0.0159322033898
0.0142424242424
0.0136231884058
0.0164912280702
0.0136231884058
0.0156666666667
0.0151612903226
0.0132394366197
0.0164912280702
0.0162068965517
0.0177358490566
0.0146875
0.0144615384615
0.0154098360656
0.0142424242424
0.0140298507463
0.0164912280702
0.0142424242424
0.0170909090909
0.0159322033898
0.0125333333333
0.0140298507463
0.0154098360656
0.0162068965517
0.0138235294118
0.0159322033898
0.0146875
0.0154098360656
0.0154098360656
0.0140298507463
0.0170909090909
0.0151612903226
0.0144615384615
0.0136231884058
0.0140298507463
0.0218604651163
0.0146875
0.0151612903226
0.0167857142857
0.0140298507463
0.0134285714286
0.0138235294118
0.0188
0.0132394366197
0.0167857142857
0.0134285714286
0.02
0.0144615384615
0.0159322033898
0.0164912280702
0.0132394366197
0.0191836734694
0.0177358490566
0.0174074074074
0.0140298507463
0.0140298507463
0.0154098360656
0.0151612903226
0.0151612903226
0.0151612903226
0.0149206349206
0.0159322033898
0.0146875
0.018431372549
0.0164912280702
0.0136231884058
0.0151612903226
0.0154098360656
0.0159322033898
0.0180769230769
0.0154098360656
0.0151612903226
0.0170909090909
0.0191836734694
0.0180769230769
0.0156666666667
0.0170909090909
0.0174074074074
0.0170909090909
0.0188
0.0156666666667
0.0154098360656
0.0144615384615
0.0167857142857
0.0149206349206
0.0208888888889
0.0204347826087
0.0191836734694
0.0195833333333
0.018431372549
0.0167857142857
0.018431372549
0.018431372549
0.0144615384615
0.018431372549
0.0154098360656
0.0177358490566
0.0146875
0.0149206349206
0.0159322033898
0.0120512820513
0.0164912280702
0.0164912280702
0.0134285714286
0.0180769230769
0.0229268292683
0.0247368421053
0.018431372549
0.029375
0.0324137931034
0.0324137931034
0.022380952381
0.0247368421053
0.0268571428571
0.0268571428571
0.0241025641026
0.0376
0.029375
0.0218604651163
0.0174074074074
0.0208888888889
0.0241025641026
0.0335714285714
0.0324137931034
0.029375
0.0195833333333
0.0204347826087
0.022380952381
0.0164912280702
0.0204347826087
0.0188
0.0191836734694
0.02
0.0180769230769
0.0213636363636
0.0174074074074
0.0191836734694
0.0191836734694
0.0177358490566
0.0162068965517
0.0188
0.0174074074074
0.0159322033898
0.0177358490566
0.0188
0.0151612903226
0.0180769230769
0.0159322033898
0.0162068965517
0.0167857142857
0.0170909090909
0.0167857142857
0.0167857142857
0.0208888888889
0.02
0.0167857142857
0.0164912280702
0.0218604651163
0.0261111111111
0.0180769230769
0.0180769230769
0.0144615384615
0.02
0.0254054054054
0.0170909090909
0.0156666666667
0.0130555555556
0.0188
0.0180769230769
0.0162068965517
0.0154098360656
0.0159322033898
0.0170909090909
0.0159322033898
0.02
0.0142424242424
0.0174074074074
0.0144615384615
0.0142424242424
0.0174074074074
0.0162068965517
0.0191836734694
0.0136231884058
0.0162068965517
0.0162068965517
0.0167857142857
0.0188
0.0140298507463
0.0164912280702
0.0162068965517
0.0156666666667
0.0154098360656
0.0191836734694
0.0170909090909
0.0164912280702
0.0170909090909
0.0167857142857
0.0151612903226
0.0149206349206
0.0174074074074
0.0156666666667
0.0159322033898
0.0177358490566
0.0180769230769
0.0151612903226
0.0130555555556
0.018431372549
0.0204347826087
0.0170909090909
0.0180769230769
0.0128767123288
0.0164912280702
0.0167857142857
0.018431372549
0.0164912280702
0.0151612903226
0.0156666666667
0.0146875
0.0170909090909
0.0138235294118
0.0162068965517
0.0151612903226
0.0188
0.0156666666667
0.0149206349206
0.0156666666667
0.0174074074074
0.0154098360656
0.0167857142857
0.018431372549
0.0136231884058
0.0149206349206
0.0180769230769
0.0154098360656
0.0130555555556
0.0180769230769
0.0142424242424
0.0177358490566
0.0164912280702
0.0140298507463
0.0170909090909
0.0138235294118
0.0180769230769
0.0156666666667
0.0149206349206
0.0170909090909
0.0149206349206
0.0142424242424
0.0174074074074
0.0167857142857
0.0120512820513
0.0140298507463
0.0162068965517
0.0142424242424
0.0156666666667
0.0164912280702
0.0177358490566
0.0188
0.0167857142857
0.0138235294118
0.0159322033898
0.0162068965517
0.0195833333333
0.0170909090909
0.0204347826087
0.0170909090909
0.0140298507463
0.0127027027027
0.0134285714286
0.0144615384615
0.0208888888889
0.0164912280702
0.0144615384615
0.0154098360656
0.0151612903226
0.0174074074074
0.0151612903226
0.0156666666667
0.0159322033898
0.0140298507463
0.0167857142857
0.0130555555556
0.0188
0.0156666666667
0.0167857142857
0.0125333333333
0.0132394366197
0.0156666666667
0.0154098360656
0.0154098360656
0.0167857142857
0.0149206349206
0.0162068965517
0.0177358490566
0.02
0.0156666666667
0.0170909090909
0.0162068965517
0.0151612903226
0.0146875
0.0180769230769
0.0144615384615
0.0159322033898
0.0164912280702
0.0154098360656
0.0144615384615
0.0142424242424
0.0159322033898
0.0138235294118
0.0154098360656
0.0174074074074
0.0140298507463
0.0140298507463
0.0142424242424
0.0142424242424
0.0208888888889
0.0144615384615
0.0195833333333
0.0167857142857
0.0154098360656
0.0144615384615
0.0149206349206
0.0151612903226
0.0151612903226
0.0170909090909
0.0188
0.0159322033898
0.0140298507463
0.0140298507463
0.0136231884058
0.0191836734694
0.0144615384615
0.02
0.0180769230769
0.0149206349206
0.0140298507463
0.0123684210526
0.0151612903226
0.0151612903226
0.0162068965517
0.0136231884058
0.018431372549
0.0144615384615
0.0164912280702
0.0140298507463
0.0154098360656
0.0134285714286
0.0151612903226
0.0149206349206
0.0140298507463
0.0162068965517
0.0159322033898
0.0151612903226
0.0142424242424
0.0118987341772
0.0162068965517
0.0170909090909
0.0146875
0.0195833333333
0.0174074074074
0.0188
0.0170909090909
0.0180769230769
0.0180769230769
0.0170909090909
0.0164912280702
0.022380952381
0.018431372549
0.0146875
0.0164912280702
0.0138235294118
0.0149206349206
0.0134285714286
0.0170909090909
0.018431372549
0.0191836734694
0.0254054054054
0.0188
0.0208888888889
0.0174074074074
0.0164912280702
0.0208888888889
0.0174074074074
0.0195833333333
0.0156666666667
0.0159322033898
0.0151612903226
0.0167857142857
0.0140298507463
0.0164912280702
0.0167857142857
0.0188
0.0180769230769
0.0140298507463
0.0174074074074
0.0180769230769
0.022380952381
0.0208888888889
0.0208888888889
0.0177358490566
0.018431372549
0.0204347826087
0.0156666666667
0.0204347826087
0.0247368421053
0.0174074074074
0.0254054054054
0.0191836734694
0.0213636363636
0.0170909090909
0.0188
0.0170909090909
0.0204347826087
0.0208888888889
0.0154098360656
0.0149206349206
0.0229268292683
0.0164912280702
0.0149206349206
0.0208888888889
0.0174074074074
0.0191836734694
0.0208888888889
0.022380952381
0.0180769230769
0.0174074074074
0.0151612903226
0.0195833333333
0.0144615384615
0.0164912280702
0.0174074074074
0.0284848484848
0.0156666666667
0.0170909090909
0.0188
0.0159322033898
0.0164912280702
0.0177358490566
0.0174074074074
0.0191836734694
0.235
0.0208888888889
0.0159322033898
0.0167857142857
0.02
0.0162068965517
0.0162068965517
0.02
0.0218604651163
0.0174074074074
0.0180769230769
0.0170909090909
0.02
0.0174074074074
0.0170909090909
0.0188
0.0191836734694
0.0164912280702
0.0159322033898
0.018431372549
0.0167857142857
0.0177358490566
0.0191836734694
0.0174074074074
0.0177358490566
0.0154098360656
0.0170909090909
0.0151612903226
0.0174074074074
0.0144615384615
0.0188
0.0167857142857
0.0167857142857
0.0208888888889
0.0229268292683
0.0191836734694
0.0348148148148
0.0159322033898
0.0151612903226
0.0156666666667
0.0156666666667
0.0144615384615
0.02
0.0204347826087
0.0174074074074
0.0177358490566
0.0174074074074
0.0188
0.0164912280702
0.0140298507463
0.0151612903226
0.0151612903226
0.0144615384615
0.0174074074074
0.018431372549
0.02
0.0174074074074
0.0164912280702
0.0177358490566
0.0195833333333
0.0167857142857
0.0159322033898
0.0159322033898
0.0162068965517
0.0170909090909
0.0149206349206
0.0162068965517
0.02
0.0167857142857
0.0180769230769
0.0130555555556
0.0134285714286
0.0174074074074
0.018431372549
0.0151612903226
0.0154098360656
0.0208888888889
0.0162068965517
0.02
0.0142424242424
0.0138235294118
0.0170909090909
0.0167857142857
0.0164912280702
0.0162068965517
0.0154098360656
0.0159322033898
0.0218604651163
0.0164912280702
0.0204347826087
0.0167857142857
0.0177358490566
0.0180769230769
0.022380952381
0.0114634146341
0.0177358490566
0.235
0.0174074074074
0.0162068965517
0.0170909090909
0.0254054054054
0.0154098360656
0.0140298507463
0.0177358490566
0.0170909090909
0.0151612903226
0.0204347826087
0.0142424242424
0.0154098360656
0.0146875
0.0140298507463
0.0167857142857
0.0170909090909
0.0162068965517
0.0204347826087
0.0156666666667
0.0156666666667
0.0154098360656
0.0154098360656
0.0156666666667
0.0142424242424
0.0162068965517
0.0167857142857
0.0180769230769
0.0146875
0.0195833333333
0.0159322033898
0.0149206349206
0.0177358490566
0.0167857142857
0.0218604651163
0.0134285714286
0.0174074074074
0.0170909090909
0.0144615384615
0.0177358490566
0.0167857142857
0.0162068965517
0.0149206349206
0.0167857142857
0.0170909090909
0.0164912280702
0.0177358490566
0.0180769230769
0.0164912280702
0.0162068965517
0.0164912280702
0.0167857142857
0.0164912280702
0.0156666666667
0.0134285714286
0.018431372549
0.0208888888889
0.0162068965517
0.0151612903226
0.0167857142857
0.0142424242424
0.0170909090909
0.0151612903226
0.0174074074074
0.0284848484848
0.018431372549
0.0167857142857
0.0132394366197
0.0167857142857
0.0151612903226
0.0156666666667
0.0151612903226
0.0151612903226
0.0174074074074
0.0151612903226
0.0146875
0.0162068965517
0.0177358490566
0.0156666666667
0.0188
0.018431372549
0.0140298507463
0.0151612903226
0.0136231884058
0.0170909090909
0.0151612903226
0.0167857142857
0.0156666666667
0.0156666666667
0.0159322033898
0.0177358490566
0.0174074074074
0.0170909090909
0.0138235294118
0.0162068965517
0.0110588235294
0.0122077922078
0.0134285714286
0.0151612903226
0.0138235294118
0.0140298507463
0.94
0.0140298507463
0.01
0.0134285714286
0.0156666666667
0.0170909090909
0.0174074074074
0.0204347826087
0.0162068965517
0.0146875
0.0162068965517
0.018431372549
0.0188
0.0106818181818
0.0156666666667
0.0144615384615
0.0191836734694
0.0170909090909
0.018431372549
0.0191836734694
0.0170909090909
0.0144615384615
0.0104444444444
0.0149206349206
0.0116049382716
0.0164912280702
0.0149206349206
0.0138235294118
0.0174074074074
0.0191836734694
0.0447619047619
0.0177358490566
0.0177358490566
0.0116049382716
0.0125333333333
0.0159322033898
0.0154098360656
0.0218604651163
0.0146875
0.0177358490566
0.0180769230769
0.0180769230769
0.0156666666667
0.0348148148148
0.0159322033898
0.0180769230769
0.0191836734694
0.0177358490566
0.0408695652174
0.0167857142857
0.0136231884058
0.0276470588235
0.0180769230769
0.0142424242424
0.0125333333333
0.0195833333333
0.0156666666667
0.0154098360656
0.0167857142857
0.0138235294118
0.0208888888889
0.0208888888889
0.0191836734694
0.0146875
0.0229268292683
0.0167857142857
0.02
0.47
0.0140298507463
0.0167857142857
0.0140298507463
0.0170909090909
0.0162068965517
0.0134285714286
0.0180769230769
0.0140298507463
0.0213636363636
0.0130555555556
0.0170909090909
0.0167857142857
0.0123684210526
0.018431372549
0.0170909090909
0.01175
0.0180769230769
0.0177358490566
0.0162068965517
0.0188
0.0241025641026
0.0164912280702
0.01175
0.0136231884058
0.0180769230769
0.0140298507463
0.0167857142857
0.0151612903226
0.0167857142857
0.0123684210526
0.0154098360656
0.0154098360656
0.0180769230769
0.0138235294118
0.0130555555556
0.018431372549
0.0110588235294
0.0361538461538
0.0170909090909
0.0140298507463
0.02
0.0156666666667
0.0162068965517
0.0188
0.0114634146341
0.0151612903226
0.0174074074074
0.0174074074074
0.0159322033898
0.0208888888889
0.0130555555556
0.0116049382716
0.0154098360656
0.0146875
0.0125333333333
0.0144615384615
0.0138235294118
0.0170909090909
0.0164912280702
0.0164912280702
0.0162068965517
0.022380952381
0.0164912280702
0.0149206349206
0.0162068965517
0.0218604651163
0.0167857142857
0.0156666666667
0.0151612903226
0.0170909090909
0.0140298507463
0.0138235294118
0.0151612903226
0.0128767123288
0.0151612903226
0.0159322033898
0.0195833333333
0.0154098360656
0.0191836734694
0.0156666666667
0.0218604651163
0.0164912280702
0.0167857142857
0.0146875
0.0174074074074
0.0149206349206
0.0154098360656
0.0208888888889
0.0146875
0.0154098360656
0.0191836734694
0.0177358490566
0.0174074074074
0.0167857142857
0.0156666666667
0.0146875
0.0149206349206
0.0136231884058
0.0204347826087
0.0156666666667
0.0156666666667
0.0167857142857
0.0164912280702
0.0136231884058
0.0170909090909
0.0164912280702
0.0170909090909
0.0149206349206
0.0235
0.0195833333333
0.94
0.0154098360656
0.0159322033898
0.0154098360656
0.0151612903226
0.018431372549
0.0191836734694
0.0156666666667
0.0156666666667
0.0154098360656
0.018431372549
0.02
0.0110588235294
0.0127027027027
0.0164912280702
0.0164912280702
0.0146875
0.0156666666667
0.0191836734694
0.0146875
0.0138235294118
0.0154098360656
0.0142424242424
0.0122077922078
0.0159322033898
0.0156666666667
0.0151612903226
0.0149206349206
0.022380952381
0.0229268292683
0.0132394366197
0.0123684210526
0.0156666666667
0.0132394366197
0.0146875
0.0191836734694
0.0149206349206
0.0146875
0.0156666666667
0.0180769230769
0.0177358490566
0.0106818181818
0.0138235294118
0.0136231884058
0.0303225806452
0.0164912280702
0.0144615384615
0.0149206349206
0.0156666666667
0.0113253012048
0.02
0.0125333333333
0.0164912280702
0.0127027027027
0.0111904761905
0.0170909090909
0.0156666666667
0.0149206349206
0.0146875
0.0195833333333
0.0149206349206
0.0161538461538
0.0107692307692
0.0125373134328
0.0129230769231
0.0135483870968
0.013125
0.0109090909091
0.0121739130435
0.0152727272727
0.0186666666667
0.020487804878
0.0227027027027
0.0147368421053
0.0182608695652
0.0178723404255
0.0155555555556
0.0175
0.0158490566038
0.014
0.0147368421053
0.015
0.0168
0.0233333333333
0.0178723404255
0.0168
0.0221052631579
0.02
0.0215384615385
0.02625
0.0311111111111
0.03
0.0254545454545
0.0227027027027
0.015
0.0171428571429
0.0161538461538
0.0155555555556
0.0168
0.0142372881356
0.0152727272727
0.0175
0.0164705882353
0.0158490566038
0.0161538461538
0.0161538461538
0.015
0.0155555555556
0.0135483870968
0.014
0.0129230769231
0.0125373134328
0.0127272727273
0.0161538461538
0.0155555555556
0.020487804878
0.0161538461538
0.0137704918033
0.0123529411765
0.014
0.0158490566038
0.0147368421053
0.0144827586207
0.0178723404255
0.0125373134328
0.0129230769231
0.0142372881356
0.0129230769231
0.013125
0.0127272727273
0.0190909090909
0.0142372881356
0.012
0.015
0.013125
0.0155555555556
0.0123529411765
0.0135483870968
0.0168
0.014
0.0135483870968
0.0121739130435
0.0137704918033
0.0133333333333
0.014
0.0135483870968
0.0135483870968
0.0121739130435
0.0161538461538
0.0161538461538
0.0171428571429
0.0147368421053
0.0161538461538
0.0158490566038
0.0137704918033
0.0161538461538
0.0147368421053
0.0137704918033
0.0142372881356
0.02625
0.03
0.0323076923077
0.0186666666667
0.0221052631579
0.02
0.0227027027027
0.0227027027027
0.0168
0.0221052631579
0.0171428571429
0.0152727272727
0.0152727272727
0.0164705882353
0.0178723404255
0.0147368421053
0.0142372881356
0.0144827586207
0.015
0.0142372881356
0.0164705882353
0.0137704918033
0.0175
0.0135483870968
0.0137704918033
0.0127272727273
0.0118309859155
0.0135483870968
0.0123529411765
0.0155555555556
0.0142372881356
0.0137704918033
0.014
0.0129230769231
0.0152727272727
0.0125373134328
0.0135483870968
0.0144827586207
0.0113513513514
0.0125373134328
0.0147368421053
0.0158490566038
0.0161538461538
0.0155555555556
0.013125
0.0175
0.0182608695652
0.0175
0.0152727272727
0.0247058823529
0.024
0.0171428571429
0.0182608695652
0.0168
0.0195348837209
0.0158490566038
0.0168
0.0158490566038
0.0123529411765
0.0127272727273
0.014
0.015
0.0133333333333
0.0161538461538
0.0147368421053
0.0133333333333
0.0168
0.0129230769231
0.0155555555556
0.0135483870968
0.0142372881356
0.0137704918033
0.0133333333333
0.0144827586207
0.0125373134328
0.0137704918033
0.0121739130435
0.013125
0.0125373134328
0.0137704918033
0.0168
0.0147368421053
0.014
0.0164705882353
0.0137704918033
0.015
0.0129230769231
0.0142372881356
0.0152727272727
0.0133333333333
0.0164705882353
0.0144827586207
0.0164705882353
0.015
0.0121739130435
0.015
0.0125373134328
0.0137704918033
0.0168
0.0168
0.015
0.0142372881356
0.0121739130435
0.013125
0.014
0.014
0.0155555555556
0.0129230769231
0.0135483870968
0.0135483870968
0.015
0.013125
0.0137704918033
0.0155555555556
0.0135483870968
0.015
0.0190909090909
0.0158490566038
0.0158490566038
0.0147368421053
0.0158490566038
0.0186666666667
0.0155555555556
0.0161538461538
0.0158490566038
0.0164705882353
0.0133333333333
0.0161538461538
0.020487804878
0.0161538461538
0.0182608695652
0.0215384615385
0.0190909090909
0.020487804878
0.02
0.0178723404255
0.014
0.0168
0.0175
0.0215384615385
0.021
0.0215384615385
0.0247058823529
0.0227027027027
0.0227027027027
0.02625
0.028
0.0311111111111
0.0270967741935
0.0158490566038
0.0215384615385
0.0195348837209
0.020487804878
0.015
0.0171428571429
0.0164705882353
0.0168
0.0178723404255
0.02
0.020487804878
0.0171428571429
0.0190909090909
0.021
0.0155555555556
0.0175
0.0190909090909
0.0164705882353
0.0178723404255
0.0168
0.0155555555556
0.0137704918033
0.0171428571429
0.0195348837209
0.0175
0.0175
0.0195348837209
0.0175
0.02
0.0164705882353
0.0168
0.0168
0.015
0.014
0.0186666666667
0.0158490566038
0.015
0.0161538461538
0.0147368421053
0.0142372881356
0.0142372881356
0.0129230769231
0.0161538461538
0.0178723404255
0.0158490566038
0.0175
0.0182608695652
0.0182608695652
0.0152727272727
0.0158490566038
0.0152727272727
0.0186666666667
0.0175
0.0161538461538
0.0168
0.0144827586207
0.0161538461538
0.0161538461538
0.0182608695652
0.0182608695652
0.0178723404255
0.0158490566038
0.0195348837209
0.0182608695652
0.0161538461538
0.015
0.0164705882353
0.0254545454545
0.0175
0.0270967741935
0.0336
0.0289655172414
0.024
0.0221052631579
0.021
0.020487804878
0.0233333333333
0.0186666666667
0.0190909090909
0.0182608695652
0.0182608695652
0.0142372881356
0.0182608695652
0.0182608695652
0.0171428571429
0.0175
0.0195348837209
0.0195348837209
0.0164705882353
0.0221052631579
0.0164705882353
0.0152727272727
0.0182608695652
0.0164705882353
0.0178723404255
0.0158490566038
0.0158490566038
0.0152727272727
0.0175
0.0158490566038
0.021
0.0171428571429
0.015
0.0168
0.0254545454545
0.0164705882353
0.015
0.0178723404255
0.0175
0.0168
0.020487804878
0.0178723404255
0.02
0.0233333333333
0.02
0.0247058823529
0.0270967741935
0.0195348837209
0.0178723404255
0.028
0.02625
0.0190909090909
0.0289655172414
0.0164705882353
0.0186666666667
0.0158490566038
0.0161538461538
0.0164705882353
0.0186666666667
0.0171428571429
0.0175
0.024
0.0142372881356
0.020487804878
0.015
0.0175
0.0195348837209
0.0190909090909
0.0164705882353
0.015
0.0161538461538
0.0161538461538
0.0164705882353
0.0147368421053
0.0171428571429
0.0175
0.02
0.013125
0.0164705882353
0.0168
0.0137704918033
0.015
0.014
0.0152727272727
0.0164705882353
0.0171428571429
0.0152727272727
0.0186666666667
0.0178723404255
0.0186666666667
0.0190909090909
0.0147368421053
0.0152727272727
0.0155555555556
0.0137704918033
0.0186666666667
0.021
0.0161538461538
0.0175
0.0164705882353
0.0190909090909
0.0125373134328
0.0158490566038
0.0175
0.0155555555556
0.0129230769231
0.0158490566038
0.0168
0.0178723404255
0.0158490566038
0.0137704918033
0.0164705882353
0.0171428571429
0.0195348837209
0.0186666666667
0.0164705882353
0.015
0.015
0.015
0.0147368421053
0.0289655172414
0.0161538461538
0.0215384615385
0.0144827586207
0.0178723404255
0.0158490566038
0.0147368421053
0.0152727272727
0.0161538461538
0.0147368421053
0.0178723404255
0.0164705882353
0.0161538461538
0.0182608695652
0.0190909090909
0.0190909090909
0.021
0.020487804878
0.0190909090909
0.0215384615385
0.021
0.0247058823529
0.0221052631579
0.0233333333333
0.0221052631579
0.021
0.0227027027027
0.0186666666667
0.0152727272727
0.0164705882353
0.0152727272727
0.0155555555556
0.0175
0.0182608695652
0.0164705882353
0.0164705882353
0.0168
0.0175
0.015
0.0164705882353
0.0129230769231
0.0164705882353
0.0164705882353
0.0155555555556
0.0168
0.0182608695652
0.0190909090909
0.0152727272727
0.0168
0.0161538461538
0.0152727272727
0.0152727272727
0.0168
0.014
0.0215384615385
0.0129230769231
0.0152727272727
0.0168
0.0168
0.0147368421053
0.0118309859155
0.0175
0.0171428571429
0.0158490566038
0.0152727272727
0.0195348837209
0.0152727272727
0.0123529411765
0.0182608695652
0.0182608695652
0.0190909090909
0.0142372881356
0.0164705882353
0.0227027027027
0.0142372881356
0.0164705882353
0.0186666666667
0.0161538461538
0.0164705882353
0.0164705882353
0.0175
0.015
0.0175
0.0178723404255
0.0221052631579
0.0155555555556
0.0164705882353
0.0175
0.0152727272727
0.0158490566038
0.02
0.0161538461538
0.0186666666667
0.0195348837209
0.0247058823529
0.0186666666667
0.02
0.0133333333333
0.0233333333333
0.0178723404255
0.02
0.02
0.0190909090909
0.0190909090909
0.0227027027027
0.0186666666667
0.0186666666667
0.024
0.0164705882353
0.0161538461538
0.0171428571429
0.0144827586207
0.0190909090909
0.0182608695652
0.020487804878
0.021
0.0175
0.0178723404255
0.0155555555556
0.0152727272727
0.0164705882353
0.0195348837209
0.0186666666667
0.0182608695652
0.0161538461538
0.014
0.0164705882353
0.0142372881356
0.0142372881356
0.015
0.015
0.0137704918033
0.0155555555556
0.0171428571429
0.0182608695652
0.0135483870968
0.0127272727273
0.0195348837209
0.015
0.0175
0.0158490566038
0.0144827586207
0.0155555555556
0.0137704918033
0.0142372881356
0.0171428571429
0.013125
0.0164705882353
0.0142372881356
0.0164705882353
0.0182608695652
0.0168
0.0133333333333
0.0155555555556
0.013125
0.0158490566038
0.0178723404255
0.0168
0.0175
0.0186666666667
0.0155555555556
0.0178723404255
0.0158490566038
0.0164705882353
0.0155555555556
0.020487804878
0.015
0.0168
0.0147368421053
0.0164705882353
0.0158490566038
0.0175
0.0164705882353
0.0158490566038
0.0142372881356
0.0161538461538
0.0155555555556
0.0144827586207
0.0247058823529
0.0221052631579
0.0233333333333
0.02
0.0233333333333
0.020487804878
0.0161538461538
0.02
0.0215384615385
0.0190909090909
0.0215384615385
0.0175
0.0178723404255
0.0175
0.0152727272727
0.0168
0.015
0.0158490566038
0.0233333333333
0.0164705882353
0.0155555555556
0.0152727272727
0.0135483870968
0.0186666666667
0.0158490566038
0.0137704918033
0.0171428571429
0.0121739130435
0.0164705882353
0.0142372881356
0.0164705882353
0.0152727272727
0.0158490566038
0.0329230769231
0.0339682539683
0.0314705882353
0.0319402985075
0.0310144927536
0.0297222222222
0.0305714285714
0.0350819672131
0.0339682539683
0.0310144927536
0.0329230769231
0.0319402985075
0.0329230769231
0.0350819672131
0.0329230769231
0.0339682539683
